draw carvef0 polygon [{-7.1626,-23.4544,-7.1626},{-1.7321,-1.7321,-1.7321},{-23.4544,-7.1626,-7.1626},]; draw carvef1 polygon [{-7.1626,-7.1626,-23.4544},{-1.7321,-1.7321,-1.7321},{-23.4544,-7.1626,-7.1626},]; draw carvef2 polygon [{-7.1626,-7.1626,-23.4544},{-7.1626,-23.4544,-7.1626},{-23.4544,-7.1626,-7.1626},]; draw carvef3 polygon [{-7.1626,-7.1626,-23.4544},{-7.1626,-23.4544,-7.1626},{-1.7321,-1.7321,-1.7321},]; draw carvee0 [{-23.4544,-7.1626,-7.1626},{-7.1626,-7.1626,-23.4544},] width 0.15; draw carvee1 [{-7.1626,-7.1626,-23.4544},{-7.1626,-23.4544,-7.1626},] width 0.15; draw carvee2 [{-23.4544,-7.1626,-7.1626},{-1.7321,-1.7321,-1.7321},] width 0.15; draw carvee3 [{-7.1626,-23.4544,-7.1626},{-1.7321,-1.7321,-1.7321},] width 0.15; draw carvee4 [{-23.4544,-7.1626,-7.1626},{-7.1626,-23.4544,-7.1626},] width 0.15; draw carvee5 [{-7.1626,-7.1626,-23.4544},{-1.7321,-1.7321,-1.7321},] width 0.15; draw carvef4 polygon [{7.1626,-23.4544,-7.1626},{23.4544,-7.1626,-7.1626},{1.7321,-1.7321,-1.7321},]; draw carvef5 polygon [{7.1626,-7.1626,-23.4544},{23.4544,-7.1626,-7.1626},{1.7321,-1.7321,-1.7321},]; draw carvef6 polygon [{7.1626,-7.1626,-23.4544},{7.1626,-23.4544,-7.1626},{1.7321,-1.7321,-1.7321},]; draw carvef7 polygon [{7.1626,-7.1626,-23.4544},{7.1626,-23.4544,-7.1626},{23.4544,-7.1626,-7.1626},]; draw carvee6 [{23.4544,-7.1626,-7.1626},{7.1626,-23.4544,-7.1626},] width 0.15; draw carvee7 [{7.1626,-23.4544,-7.1626},{7.1626,-7.1626,-23.4544},] width 0.15; draw carvee8 [{23.4544,-7.1626,-7.1626},{1.7321,-1.7321,-1.7321},] width 0.15; draw carvee9 [{7.1626,-7.1626,-23.4544},{1.7321,-1.7321,-1.7321},] width 0.15; draw carvee10 [{23.4544,-7.1626,-7.1626},{7.1626,-7.1626,-23.4544},] width 0.15; draw carvee11 [{7.1626,-23.4544,-7.1626},{1.7321,-1.7321,-1.7321},] width 0.15; draw carvef8 polygon [{-7.1626,-23.4544,7.1626},{-1.7321,-1.7321,1.7321},{-23.4544,-7.1626,7.1626},]; draw carvef9 polygon [{-7.1626,-7.1626,23.4544},{-1.7321,-1.7321,1.7321},{-23.4544,-7.1626,7.1626},]; draw carvef10 polygon [{-7.1626,-7.1626,23.4544},{-7.1626,-23.4544,7.1626},{-23.4544,-7.1626,7.1626},]; draw carvef11 polygon [{-7.1626,-7.1626,23.4544},{-7.1626,-23.4544,7.1626},{-1.7321,-1.7321,1.7321},]; draw carvee12 [{-23.4544,-7.1626,7.1626},{-7.1626,-23.4544,7.1626},] width 0.15; draw carvee13 [{-7.1626,-23.4544,7.1626},{-7.1626,-7.1626,23.4544},] width 0.15; draw carvee14 [{-23.4544,-7.1626,7.1626},{-1.7321,-1.7321,1.7321},] width 0.15; draw carvee15 [{-7.1626,-7.1626,23.4544},{-1.7321,-1.7321,1.7321},] width 0.15; draw carvee16 [{-23.4544,-7.1626,7.1626},{-7.1626,-7.1626,23.4544},] width 0.15; draw carvee17 [{-7.1626,-23.4544,7.1626},{-1.7321,-1.7321,1.7321},] width 0.15; draw carvef12 polygon [{7.1626,-23.4544,7.1626},{23.4544,-7.1626,7.1626},{1.7321,-1.7321,1.7321},]; draw carvef13 polygon [{7.1626,-7.1626,23.4544},{23.4544,-7.1626,7.1626},{1.7321,-1.7321,1.7321},]; draw carvef14 polygon [{7.1626,-7.1626,23.4544},{7.1626,-23.4544,7.1626},{1.7321,-1.7321,1.7321},]; draw carvef15 polygon [{7.1626,-7.1626,23.4544},{7.1626,-23.4544,7.1626},{23.4544,-7.1626,7.1626},]; draw carvee18 [{23.4544,-7.1626,7.1626},{7.1626,-7.1626,23.4544},] width 0.15; draw carvee19 [{7.1626,-7.1626,23.4544},{7.1626,-23.4544,7.1626},] width 0.15; draw carvee20 [{23.4544,-7.1626,7.1626},{1.7321,-1.7321,1.7321},] width 0.15; draw carvee21 [{7.1626,-23.4544,7.1626},{1.7321,-1.7321,1.7321},] width 0.15; draw carvee22 [{23.4544,-7.1626,7.1626},{7.1626,-23.4544,7.1626},] width 0.15; draw carvee23 [{7.1626,-7.1626,23.4544},{1.7321,-1.7321,1.7321},] width 0.15; draw carvef16 polygon [{7.1626,23.4544,-7.1626},{23.4544,7.1626,-7.1626},{1.7321,1.7321,-1.7321},]; draw carvef17 polygon [{7.1626,7.1626,-23.4544},{23.4544,7.1626,-7.1626},{1.7321,1.7321,-1.7321},]; draw carvef18 polygon [{7.1626,7.1626,-23.4544},{7.1626,23.4544,-7.1626},{1.7321,1.7321,-1.7321},]; draw carvef19 polygon [{7.1626,7.1626,-23.4544},{7.1626,23.4544,-7.1626},{23.4544,7.1626,-7.1626},]; draw carvee24 [{23.4544,7.1626,-7.1626},{7.1626,7.1626,-23.4544},] width 0.15; draw carvee25 [{7.1626,7.1626,-23.4544},{7.1626,23.4544,-7.1626},] width 0.15; draw carvee26 [{23.4544,7.1626,-7.1626},{1.7321,1.7321,-1.7321},] width 0.15; draw carvee27 [{7.1626,23.4544,-7.1626},{1.7321,1.7321,-1.7321},] width 0.15; draw carvee28 [{23.4544,7.1626,-7.1626},{7.1626,23.4544,-7.1626},] width 0.15; draw carvee29 [{7.1626,7.1626,-23.4544},{1.7321,1.7321,-1.7321},] width 0.15; draw carvef20 polygon [{-7.1626,23.4544,-7.1626},{-1.7321,1.7321,-1.7321},{-23.4544,7.1626,-7.1626},]; draw carvef21 polygon [{-7.1626,7.1626,-23.4544},{-1.7321,1.7321,-1.7321},{-23.4544,7.1626,-7.1626},]; draw carvef22 polygon [{-7.1626,7.1626,-23.4544},{-7.1626,23.4544,-7.1626},{-23.4544,7.1626,-7.1626},]; draw carvef23 polygon [{-7.1626,7.1626,-23.4544},{-7.1626,23.4544,-7.1626},{-1.7321,1.7321,-1.7321},]; draw carvee30 [{-23.4544,7.1626,-7.1626},{-7.1626,23.4544,-7.1626},] width 0.15; draw carvee31 [{-7.1626,23.4544,-7.1626},{-7.1626,7.1626,-23.4544},] width 0.15; draw carvee32 [{-23.4544,7.1626,-7.1626},{-1.7321,1.7321,-1.7321},] width 0.15; draw carvee33 [{-7.1626,7.1626,-23.4544},{-1.7321,1.7321,-1.7321},] width 0.15; draw carvee34 [{-23.4544,7.1626,-7.1626},{-7.1626,7.1626,-23.4544},] width 0.15; draw carvee35 [{-7.1626,23.4544,-7.1626},{-1.7321,1.7321,-1.7321},] width 0.15; draw carvef24 polygon [{7.1626,23.4544,7.1626},{23.4544,7.1626,7.1626},{1.7321,1.7321,1.7321},]; draw carvef25 polygon [{7.1626,7.1626,23.4544},{23.4544,7.1626,7.1626},{1.7321,1.7321,1.7321},]; draw carvef26 polygon [{7.1626,7.1626,23.4544},{7.1626,23.4544,7.1626},{1.7321,1.7321,1.7321},]; draw carvef27 polygon [{7.1626,7.1626,23.4544},{7.1626,23.4544,7.1626},{23.4544,7.1626,7.1626},]; draw carvee36 [{23.4544,7.1626,7.1626},{7.1626,23.4544,7.1626},] width 0.15; draw carvee37 [{7.1626,23.4544,7.1626},{7.1626,7.1626,23.4544},] width 0.15; draw carvee38 [{23.4544,7.1626,7.1626},{1.7321,1.7321,1.7321},] width 0.15; draw carvee39 [{7.1626,7.1626,23.4544},{1.7321,1.7321,1.7321},] width 0.15; draw carvee40 [{23.4544,7.1626,7.1626},{7.1626,7.1626,23.4544},] width 0.15; draw carvee41 [{7.1626,23.4544,7.1626},{1.7321,1.7321,1.7321},] width 0.15; draw carvef28 polygon [{-7.1626,23.4544,7.1626},{-1.7321,1.7321,1.7321},{-23.4544,7.1626,7.1626},]; draw carvef29 polygon [{-7.1626,7.1626,23.4544},{-1.7321,1.7321,1.7321},{-23.4544,7.1626,7.1626},]; draw carvef30 polygon [{-7.1626,7.1626,23.4544},{-7.1626,23.4544,7.1626},{-23.4544,7.1626,7.1626},]; draw carvef31 polygon [{-7.1626,7.1626,23.4544},{-7.1626,23.4544,7.1626},{-1.7321,1.7321,1.7321},]; draw carvee42 [{-23.4544,7.1626,7.1626},{-7.1626,7.1626,23.4544},] width 0.15; draw carvee43 [{-7.1626,7.1626,23.4544},{-7.1626,23.4544,7.1626},] width 0.15; draw carvee44 [{-23.4544,7.1626,7.1626},{-1.7321,1.7321,1.7321},] width 0.15; draw carvee45 [{-7.1626,23.4544,7.1626},{-1.7321,1.7321,1.7321},] width 0.15; draw carvee46 [{-23.4544,7.1626,7.1626},{-7.1626,23.4544,7.1626},] width 0.15; draw carvee47 [{-7.1626,7.1626,23.4544},{-1.7321,1.7321,1.7321},] width 0.15; color $carvef* translucent 80 [xff3030]; color $carvee* [xff3030]; 